1 24
2 27
3 24
4 20
5 29
6 26
7 23
8 26
9 18
10 25
11 20
12 22
13 23
14 24
15 25
16 23
17 26
18 24
19 23
20 29
21 28
22 23
23 22
24 21
25 20
26 21
27 24
28 21
29 26
30 27
31 27
32 22
33 28
34 21
35 21
36 26
37 27
38 24
39 23
40 27
41 26
42 21
43 29
44 18
45 24
46 25
47 24
48 24
49 20
50 28
51 27
52 25
53 20
54 21
55 26
56 23
57 24
58 21
59 29
60 24
61 23
62 23
63 23
64 25
65 29
66 23
67 29
68 26
69 26
70 24
71 24
72 25
73 22
74 23
75 27
76 26
77 26
78 21
79 27
80 26
81 28
82 28
83 21
84 22
85 28
86 24
87 23
88 25
89 29
90 24
91 27
92 25
93 25
94 28
95 23
96 23
97 19
98 27
99 20
100 21
101 23
102 23
103 25
104 21
105 25
106 24
107 22
108 23
109 26
110 24
111 27
112 22
113 22
114 22
115 26
116 20
117 25
118 27
119 24
120 23
121 26
122 24
123 26
124 23
125 26
126 29
127 21
128 25
129 25
130 21
131 26
132 23
133 26
134 27
135 25
136 23
137 21
138 22
139 21
140 27
141 21
142 23
143 22
144 27
145 28
146 21
147 22
148 22
149 21
150 22
151 23
152 27
153 23
154 21
155 27
156 23
157 21
158 28
159 26
160 24
161 22
162 26
163 26
164 27
165 19
166 21
167 22
168 29
169 22
170 23
171 22
172 20
173 25
174 23
175 21
176 22
177 27
178 21
179 20
180 26
181 22
182 17
183 23
184 20
185 22
186 21
187 23
188 25
189 25
190 22
191 26
192 23
193 29
194 23
195 23
196 27
197 18
198 24
199 25
200 23
201 29
202 24
203 27
204 29
205 21
206 27
207 29
208 21
209 24
210 29
211 18
212 25
213 28
214 23
215 20
216 25
217 24
218 24
219 28
220 25
221 26
222 27
223 22
224 17
225 25
226 29
227 27
228 25
229 24
230 16
231 23
232 28
233 25
234 25
235 26
236 28
237 20
238 26
239 22
240 23
241 22
242 20
243 28
244 21
245 21
246 24
247 16
248 27
249 23
250 23
251 26
252 22
253 26
254 21
255 26
256 23
257 24
258 28
259 27
260 28
261 20
262 27
263 23
264 25
265 21
266 23
267 22
268 22
269 26
270 23
271 27
272 24
273 20
274 20
275 24
276 21
277 22
278 27
279 27
280 21
281 23
282 23
283 20
284 24
285 28
286 21
287 24
288 25
289 22
290 21
291 21
292 26
293 23
294 26
295 20
296 20
297 22
298 25
299 22
300 20
301 25
302 21
303 21
304 21
305 21
306 21
307 24
308 21
309 29
310 24
311 24
312 18
313 20
314 22
315 24
316 22
317 23
318 26
319 28
320 23
321 28
322 26
323 19
324 28
325 25
326 22
327 27
328 21
329 25
330 22
331 24
332 28
333 24
334 19
335 22
336 15
337 27
338 26
339 29
340 23
341 26
342 24
343 27
344 23
345 21
346 26
347 26
348 23
349 28
350 26
351 21
352 23
353 21
354 26
355 29
356 24
357 20
358 21
359 22
360 26
361 20
362 24
363 20
364 25
365 26
366 25
367 22
368 25
369 29
370 23
371 23
372 22
373 28
374 25
375 23
376 21
377 20
378 21
379 26
380 27
381 25
382 21
383 20
384 28
385 26
386 23
387 23
388 22
389 21
390 21
391 27
392 26
393 20
394 28
395 28
396 26
397 25
398 23
399 25
400 21
401 18
402 24
403 26
404 24
405 19
406 29
407 22
408 26
409 27
410 23
411 25
412 28
413 20
414 27
415 25
416 22
417 22
418 24
419 23
420 22
421 25
422 23
423 21
424 21
425 24
426 25
427 21
428 22
429 27
430 29
431 20
432 20
433 26
434 28
435 28
436 21
437 24
438 26
439 25
440 28
441 17
442 17
443 22
444 23
445 25
446 29
447 26
448 23
449 21
450 22
451 25
452 26
453 23
454 25
455 22
456 28
457 22
458 23
459 21
460 20
461 27
462 24
463 23
464 25
465 25
466 22
467 24
468 22
469 23
470 28
471 22
472 22
473 19
474 26
475 26
476 20
477 23
478 26
479 27
480 23
481 21
482 19
483 20
484 29
485 25
486 25
487 21
488 21
489 17
490 22
491 24
492 25
493 19
494 22
495 17
496 26
497 22
498 24
499 21
